 1.00000000000000E+0000 1.40200000000000E+0003
 3.01000000000000E+0002 1.39100000000000E+0003
 6.01000000000000E+0002 1.37800000000000E+0003
 9.01000000000000E+0002 1.36400000000000E+0003
 1.20100000000000E+0003 1.34900000000000E+0003
 1.50100000000000E+0003 1.33500000000000E+0003
 1.80100000000000E+0003 1.32000000000000E+0003
 2.10100000000000E+0003 1.30400000000000E+0003
 2.40100000000000E+0003 1.29000000000000E+0003
 2.70100000000000E+0003 1.27500000000000E+0003
 3.00100000000000E+0003 1.26200000000000E+0003
 3.30100000000000E+0003 1.24900000000000E+0003
 3.60100000000000E+0003 1.23800000000000E+0003
 3.90100000000000E+0003 1.22800000000000E+0003
 4.20100000000000E+0003 1.22100000000000E+0003
 4.50100000000000E+0003 1.21600000000000E+0003
 4.80100000000000E+0003 1.21200000000000E+0003
 5.10100000000000E+0003 1.21000000000000E+0003
 5.40100000000000E+0003 1.21000000000000E+0003
 5.70100000000000E+0003 1.21200000000000E+0003
 6.00100000000000E+0003 1.21600000000000E+0003
 6.30100000000000E+0003 1.22200000000000E+0003
 6.60100000000000E+0003 1.22900000000000E+0003
 6.90100000000000E+0003 1.23800000000000E+0003
 7.20100000000000E+0003 1.24800000000000E+0003
 7.50100000000000E+0003 1.26000000000000E+0003
 7.80100000000000E+0003 1.27200000000000E+0003
 8.10100000000000E+0003 1.28600000000000E+0003
 8.40100000000000E+0003 1.29900000000000E+0003
 8.70100000000000E+0003 1.31400000000000E+0003
 9.00100000000000E+0003 1.32800000000000E+0003
 9.30100000000000E+0003 1.34200000000000E+0003
 9.60100000000000E+0003 1.35400000000000E+0003
 9.90100000000000E+0003 1.36600000000000E+0003
 1.02010000000000E+0004 1.37800000000000E+0003
 1.05010000000000E+0004 1.38800000000000E+0003
 1.08010000000000E+0004 1.39800000000000E+0003
 1.11010000000000E+0004 1.40400000000000E+0003
 1.14010000000000E+0004 1.41100000000000E+0003
 1.17010000000000E+0004 1.41500000000000E+0003
 1.20010000000000E+0004 1.41800000000000E+0003
 1.23010000000000E+0004 1.41700000000000E+0003
 1.26010000000000E+0004 1.41600000000000E+0003
 1.29010000000000E+0004 1.41300000000000E+0003
 1.32010000000000E+0004 1.40700000000000E+0003
 1.35010000000000E+0004 1.40000000000000E+0003
 1.38010000000000E+0004 1.39200000000000E+0003
 1.41010000000000E+0004 1.38200000000000E+0003
 1.44010000000000E+0004 1.37200000000000E+0003
 1.47010000000000E+0004 1.35900000000000E+0003
 1.50010000000000E+0004 1.34700000000000E+0003
 1.53010000000000E+0004 1.33300000000000E+0003
 1.56010000000000E+0004 1.32000000000000E+0003
 1.59010000000000E+0004 1.30700000000000E+0003
 1.62010000000000E+0004 1.29400000000000E+0003
 1.65010000000000E+0004 1.28200000000000E+0003
 1.68010000000000E+0004 1.27000000000000E+0003
 1.71010000000000E+0004 1.25800000000000E+0003
 1.74010000000000E+0004 1.25000000000000E+0003
 1.77010000000000E+0004 1.24100000000000E+0003
 1.80010000000000E+0004 1.23400000000000E+0003
 1.83010000000000E+0004 1.22900000000000E+0003
 1.86010000000000E+0004 1.22600000000000E+0003
 1.89010000000000E+0004 1.22400000000000E+0003
 1.92010000000000E+0004 1.22400000000000E+0003
 1.95010000000000E+0004 1.22500000000000E+0003
 1.98010000000000E+0004 1.22900000000000E+0003
 2.01010000000000E+0004 1.23400000000000E+0003
 2.04010000000000E+0004 1.24000000000000E+0003
 2.07010000000000E+0004 1.24800000000000E+0003
 2.10010000000000E+0004 1.25700000000000E+0003
 2.13010000000000E+0004 1.26800000000000E+0003
 2.16010000000000E+0004 1.27900000000000E+0003
 2.19010000000000E+0004 1.29100000000000E+0003
 2.22010000000000E+0004 1.30300000000000E+0003
 2.25010000000000E+0004 1.31400000000000E+0003
 2.28010000000000E+0004 1.32600000000000E+0003
 2.31010000000000E+0004 1.33700000000000E+0003
 2.34010000000000E+0004 1.34800000000000E+0003
 2.37010000000000E+0004 1.35900000000000E+0003
 2.40010000000000E+0004 1.36900000000000E+0003
 2.43010000000000E+0004 1.37700000000000E+0003
 2.46010000000000E+0004 1.38500000000000E+0003
 2.49010000000000E+0004 1.39100000000000E+0003
 2.52010000000000E+0004 1.39400000000000E+0003
 2.55010000000000E+0004 1.39700000000000E+0003
 2.58010000000000E+0004 1.39800000000000E+0003
 2.61010000000000E+0004 1.39600000000000E+0003
 2.64010000000000E+0004 1.39400000000000E+0003
 2.67010000000000E+0004 1.39100000000000E+0003
 2.70010000000000E+0004 1.38600000000000E+0003
 2.73010000000000E+0004 1.38000000000000E+0003
 2.76010000000000E+0004 1.37400000000000E+0003
 2.79010000000000E+0004 1.36500000000000E+0003
 2.82010000000000E+0004 1.35700000000000E+0003
 2.85010000000000E+0004 1.34700000000000E+0003
 2.88010000000000E+0004 1.33700000000000E+0003
 2.91010000000000E+0004 1.32600000000000E+0003
 2.94010000000000E+0004 1.31700000000000E+0003
 2.97010000000000E+0004 1.30600000000000E+0003
 3.00010000000000E+0004 1.29700000000000E+0003
 3.03010000000000E+0004 1.28800000000000E+0003
 3.06010000000000E+0004 1.28000000000000E+0003
 3.09010000000000E+0004 1.27200000000000E+0003
 3.12010000000000E+0004 1.26500000000000E+0003
 3.15010000000000E+0004 1.25900000000000E+0003
 3.18010000000000E+0004 1.25400000000000E+0003
 3.21010000000000E+0004 1.25100000000000E+0003
 3.24010000000000E+0004 1.24800000000000E+0003
 3.27010000000000E+0004 1.24800000000000E+0003
 3.30010000000000E+0004 1.24800000000000E+0003
 3.33010000000000E+0004 1.24900000000000E+0003
 3.36010000000000E+0004 1.25200000000000E+0003
 3.39010000000000E+0004 1.25600000000000E+0003
 3.42010000000000E+0004 1.26000000000000E+0003
 3.45010000000000E+0004 1.26600000000000E+0003
 3.48010000000000E+0004 1.27200000000000E+0003
 3.51010000000000E+0004 1.27900000000000E+0003
 3.54010000000000E+0004 1.28600000000000E+0003
 3.57010000000000E+0004 1.29300000000000E+0003
 3.60010000000000E+0004 1.30000000000000E+0003
 3.63010000000000E+0004 1.30800000000000E+0003
 3.66010000000000E+0004 1.31800000000000E+0003
 3.69010000000000E+0004 1.32600000000000E+0003
 3.72010000000000E+0004 1.33300000000000E+0003
 3.75010000000000E+0004 1.34200000000000E+0003
 3.78010000000000E+0004 1.34900000000000E+0003
 3.81010000000000E+0004 1.35500000000000E+0003
 3.84010000000000E+0004 1.36000000000000E+0003
 3.87010000000000E+0004 1.36500000000000E+0003
 3.90010000000000E+0004 1.36800000000000E+0003
 3.93010000000000E+0004 1.37000000000000E+0003
 3.96010000000000E+0004 1.37300000000000E+0003
 3.99010000000000E+0004 1.37400000000000E+0003
 4.02010000000000E+0004 1.37400000000000E+0003
 4.05010000000000E+0004 1.37100000000000E+0003
 4.08010000000000E+0004 1.36900000000000E+0003
 4.11010000000000E+0004 1.36500000000000E+0003
 4.14010000000000E+0004 1.36000000000000E+0003
 4.17010000000000E+0004 1.35400000000000E+0003
 4.20010000000000E+0004 1.34800000000000E+0003
 4.23010000000000E+0004 1.34000000000000E+0003
 4.26010000000000E+0004 1.33200000000000E+0003
 4.29010000000000E+0004 1.32400000000000E+0003
 4.32010000000000E+0004 1.31600000000000E+0003
 4.35010000000000E+0004 1.30800000000000E+0003
 4.38010000000000E+0004 1.30000000000000E+0003
 4.41010000000000E+0004 1.29200000000000E+0003
 4.44010000000000E+0004 1.28600000000000E+0003
 4.47010000000000E+0004 1.27900000000000E+0003
 4.50010000000000E+0004 1.27300000000000E+0003
 4.53010000000000E+0004 1.26800000000000E+0003
 4.56010000000000E+0004 1.26400000000000E+0003
 4.59010000000000E+0004 1.26400000000000E+0003
 4.62010000000000E+0004 1.26400000000000E+0003
