 3.01000000000000E+0002 1.16600000000000E+0003
 6.01000000000000E+0002 1.15400000000000E+0003
 9.01000000000000E+0002 1.14400000000000E+0003
 1.20100000000000E+0003 1.13200000000000E+0003
 1.50100000000000E+0003 1.12300000000000E+0003
 1.80100000000000E+0003 1.11300000000000E+0003
 2.10100000000000E+0003 1.10500000000000E+0003
 2.40100000000000E+0003 1.09600000000000E+0003
 2.70100000000000E+0003 1.09000000000000E+0003
 3.00100000000000E+0003 1.08400000000000E+0003
 3.30100000000000E+0003 1.08000000000000E+0003
 3.60100000000000E+0003 1.07700000000000E+0003
 3.90100000000000E+0003 1.07600000000000E+0003
 4.20100000000000E+0003 1.07700000000000E+0003
 4.50100000000000E+0003 1.07900000000000E+0003
 4.80100000000000E+0003 1.08200000000000E+0003
 5.10100000000000E+0003 1.08700000000000E+0003
 5.40100000000000E+0003 1.09300000000000E+0003
 5.70100000000000E+0003 1.10000000000000E+0003
 6.00100000000000E+0003 1.11000000000000E+0003
 6.30100000000000E+0003 1.11900000000000E+0003
 6.60100000000000E+0003 1.12900000000000E+0003
 6.90100000000000E+0003 1.14000000000000E+0003
 7.20100000000000E+0003 1.15100000000000E+0003
 7.50100000000000E+0003 1.16200000000000E+0003
 7.80100000000000E+0003 1.17200000000000E+0003
 8.10100000000000E+0003 1.18200000000000E+0003
 8.40100000000000E+0003 1.19200000000000E+0003
 8.70100000000000E+0003 1.20200000000000E+0003
 9.00100000000000E+0003 1.21000000000000E+0003
 9.30100000000000E+0003 1.21600000000000E+0003
 9.60100000000000E+0003 1.22200000000000E+0003
 9.90100000000000E+0003 1.22700000000000E+0003
 1.02010000000000E+0004 1.23000000000000E+0003
 1.05010000000000E+0004 1.23200000000000E+0003
 1.08010000000000E+0004 1.23200000000000E+0003
 1.11010000000000E+0004 1.23000000000000E+0003
 1.14010000000000E+0004 1.22800000000000E+0003
 1.17010000000000E+0004 1.22400000000000E+0003
 1.20010000000000E+0004 1.21900000000000E+0003
 1.23010000000000E+0004 1.21200000000000E+0003
 1.26010000000000E+0004 1.20400000000000E+0003
 1.29010000000000E+0004 1.19600000000000E+0003
 1.32010000000000E+0004 1.18700000000000E+0003
 1.35010000000000E+0004 1.17600000000000E+0003
 1.38010000000000E+0004 1.16600000000000E+0003
 1.41010000000000E+0004 1.15700000000000E+0003
 1.44010000000000E+0004 1.14700000000000E+0003
 1.47010000000000E+0004 1.13600000000000E+0003
 1.50010000000000E+0004 1.12700000000000E+0003
 1.53010000000000E+0004 1.11800000000000E+0003
 1.56010000000000E+0004 1.11000000000000E+0003
 1.59010000000000E+0004 1.10200000000000E+0003
 1.62010000000000E+0004 1.09600000000000E+0003
 1.65010000000000E+0004 1.09000000000000E+0003
 1.68010000000000E+0004 1.08600000000000E+0003
 1.71010000000000E+0004 1.08400000000000E+0003
 1.74010000000000E+0004 1.08200000000000E+0003
 1.77010000000000E+0004 1.08200000000000E+0003
 1.80010000000000E+0004 1.08200000000000E+0003
 1.83010000000000E+0004 1.08500000000000E+0003
 1.86010000000000E+0004 1.08900000000000E+0003
 1.89010000000000E+0004 1.09400000000000E+0003
 1.92010000000000E+0004 1.10000000000000E+0003
 1.95010000000000E+0004 1.10800000000000E+0003
 1.98010000000000E+0004 1.11600000000000E+0003
 2.01010000000000E+0004 1.12400000000000E+0003
 2.04010000000000E+0004 1.13300000000000E+0003
 2.07010000000000E+0004 1.14400000000000E+0003
 2.10010000000000E+0004 1.15300000000000E+0003
 2.13010000000000E+0004 1.16300000000000E+0003
 2.16010000000000E+0004 1.17300000000000E+0003
 2.19010000000000E+0004 1.18200000000000E+0003
 2.22010000000000E+0004 1.19200000000000E+0003
 2.25010000000000E+0004 1.20000000000000E+0003
 2.28010000000000E+0004 1.20700000000000E+0003
 2.31010000000000E+0004 1.21200000000000E+0003
 2.34010000000000E+0004 1.21800000000000E+0003
 2.37010000000000E+0004 1.22200000000000E+0003
 2.40010000000000E+0004 1.22500000000000E+0003
 2.43010000000000E+0004 1.22600000000000E+0003
 2.46010000000000E+0004 1.22600000000000E+0003
 2.49010000000000E+0004 1.22500000000000E+0003
 2.52010000000000E+0004 1.22300000000000E+0003
 2.55010000000000E+0004 1.21900000000000E+0003
 2.58010000000000E+0004 1.21500000000000E+0003
 2.61010000000000E+0004 1.20800000000000E+0003
 2.64010000000000E+0004 1.20300000000000E+0003
 2.67010000000000E+0004 1.19500000000000E+0003
 2.70010000000000E+0004 1.18600000000000E+0003
 2.73010000000000E+0004 1.17600000000000E+0003
 2.76010000000000E+0004 1.16900000000000E+0003
 2.79010000000000E+0004 1.16000000000000E+0003
 2.82010000000000E+0004 1.15100000000000E+0003
 2.85010000000000E+0004 1.14300000000000E+0003
 2.88010000000000E+0004 1.13400000000000E+0003
 2.91010000000000E+0004 1.12600000000000E+0003
 2.94010000000000E+0004 1.11900000000000E+0003
 2.97010000000000E+0004 1.11200000000000E+0003
 3.00010000000000E+0004 1.10600000000000E+0003
 3.03010000000000E+0004 1.10200000000000E+0003
 3.06010000000000E+0004 1.09800000000000E+0003
 3.09010000000000E+0004 1.09600000000000E+0003
 3.12010000000000E+0004 1.09400000000000E+0003
 3.15010000000000E+0004 1.09300000000000E+0003
 3.18010000000000E+0004 1.09000000000000E+0003
 3.21010000000000E+0004 1.09100000000000E+0003
 3.24010000000000E+0004 1.09200000000000E+0003
 3.27010000000000E+0004 1.09400000000000E+0003
 3.30010000000000E+0004 1.09600000000000E+0003
 3.33010000000000E+0004 1.10100000000000E+0003
 3.36010000000000E+0004 1.10700000000000E+0003
 3.39010000000000E+0004 1.11200000000000E+0003
 3.42010000000000E+0004 1.12000000000000E+0003
 3.45010000000000E+0004 1.12700000000000E+0003
 3.48010000000000E+0004 1.13500000000000E+0003
 3.51010000000000E+0004 1.14400000000000E+0003
 3.54010000000000E+0004 1.15200000000000E+0003
 3.57010000000000E+0004 1.16100000000000E+0003
 3.60010000000000E+0004 1.17000000000000E+0003
 3.63010000000000E+0004 1.17700000000000E+0003
 3.66010000000000E+0004 1.18500000000000E+0003
 3.69010000000000E+0004 1.19200000000000E+0003
 3.72010000000000E+0004 1.19800000000000E+0003
 3.75010000000000E+0004 1.20400000000000E+0003
 3.78010000000000E+0004 1.20800000000000E+0003
 3.81010000000000E+0004 1.21200000000000E+0003
 3.84010000000000E+0004 1.21400000000000E+0003
 3.87010000000000E+0004 1.21500000000000E+0003
 3.90010000000000E+0004 1.21600000000000E+0003
 3.93010000000000E+0004 1.21400000000000E+0003
 3.96010000000000E+0004 1.21200000000000E+0003
